List of AIRNow PM2.5 sites for bias correction.
Generated by write_site_list.f90.
Part of interpolate_update.f90, the CMAQ bias correction program.

Creation time   = Thu Sep 21 14:58:06 2017
Number of sites = 911

Site ID     Latitude   Longitude
---------   --------   ---------
000020104   46.24056   -63.13055
000020301   46.47806   -63.98667
000020401   46.38639   -62.58278
000030201   45.61389   -61.36222
000030310   46.14250   -60.17278
000030701   45.00583   -65.00000
000040103   45.95778   -66.64722
000040203   45.30917   -66.00916
000040207   45.25333   -66.08028
000040209   45.28028   -66.05583
000040302   46.11000   -64.79000
000040901   45.08917   -67.07833
000041302   47.60917   -65.63306
000050311   46.77417   -71.36945
000051501   46.04167   -72.66000
000052301   46.03500   -74.48167
000054703   46.35000   -72.43305
000060104   45.43194   -75.67639
000060204   42.31417   -83.04305
000060304   44.21972   -76.52111
000060424   43.66167   -79.38528
000060512   43.25583   -79.86166
000060610   46.49167   -81.00305
000060709   46.53306   -84.30917
000060904   42.97444   -81.20084
000061009   42.99000   -82.39528
000061104   44.30000   -78.35000
000061201   45.02917   -74.73917
000061302   43.15806   -79.23500
000061402   43.14028   -80.29583
000061502   43.44167   -80.50417
000062001   46.31750   -79.44527
000062501   44.29917   -81.57528
000063301   45.22083   -78.93139
000063701   43.33056   -81.74250
000065001   44.39194   -79.39194
000065201   45.33778   -80.03778
000065301   42.67250   -81.16444
000065401   44.15028   -77.39555
000065801   42.40306   -82.20834
000070203   49.84194   -99.91889
000090222   51.08139  -114.14027
000090402   50.04917  -110.68139
000090502   49.71639  -112.80055
000091901   51.95000  -114.70000
000100110   49.27917  -122.97083
000100111   49.28056  -122.84917
000100125   49.15806  -122.90166
000100304   48.42917  -123.35806
000101005   49.02139  -122.32639
000102302   49.88750  -124.55805
000102303   49.88889  -124.56250
000104101   49.03083  -118.43916
000105301   49.44167  -123.49167
010730023   33.55306   -86.81500
010731005   33.33083   -87.00333
010731010   33.54528   -86.54916
010732003   33.49944   -86.92416
010732006   33.38639   -86.81667
010735003   33.80167   -86.94250
010736004   33.56528   -86.79639
010890014   34.69167   -86.59167
010970003   30.76944   -88.08750
011011002   32.40667   -86.25639
011030011   34.52833   -86.97056
011190003   32.36250   -88.27778
040031005   31.34917  -109.53944
040128000   34.24389  -113.55833
040130019   33.48361  -112.14250
040131003   33.41028  -111.86500
040131004   33.56028  -112.06611
040132001   33.56917  -112.19139
040134003   33.40306  -112.07306
040134005   33.41222  -111.93445
040134019   33.39583  -111.96778
040139812   33.42639  -112.11806
040139997   33.50333  -112.09500
040191028   32.29528  -110.98194
040191030   31.87917  -110.99639
040191032   32.17306  -110.97945
040191034   32.38056  -111.12695
040191113   32.25000  -110.96667
040230004   31.33694  -110.93667
040278011   32.69000  -114.61417
050350005   35.19667   -90.19083
051190007   34.75583   -92.27556
051191008   34.68083   -92.32806
051390006   33.21500   -92.66889
051430005   36.17944   -94.11667
060010007   37.68750  -121.78416
060010009   37.74306  -122.16972
060010011   37.81472  -122.28222
060010012   37.79361  -122.26334
060010013   37.86472  -122.30250
060070008   39.76139  -121.84028
060072002   39.75389  -121.62417
060074001   39.32750  -121.66861
060090001   38.20167  -120.68056
060110007   39.01500  -122.28584
060111002   39.20306  -122.01667
060130002   37.93806  -122.02500
060131004   37.96028  -122.35694
060190011   36.78528  -119.77306
060192008   36.19917  -120.09889
060192009   36.63222  -120.38194
060195001   36.81917  -119.71639
060210003   39.53389  -122.19055
060250005   32.67583  -115.48306
060254004   33.21333  -115.54417
060270002   37.36056  -118.33083
060271003   36.48778  -117.87083
060271018   36.59750  -118.04000
060271023   37.36667  -118.41666
060290011   35.05056  -118.14639
060290014   35.35667  -119.06277
060292009   34.84139  -118.86444
060311004   36.31417  -119.64333
060370016   34.14389  -117.85056
060371103   34.06639  -118.22667
060371201   34.19917  -118.53306
060374004   33.79194  -118.17528
060374008   33.85944  -118.20055
060376012   34.38306  -118.52805
060379033   34.66944  -118.13055
060392010   36.95306  -120.03389
060410001   37.97194  -122.51889
060431001   37.74833  -119.58667
060470003   37.28167  -120.43333
060530002   36.48306  -121.73167
060530008   36.20917  -121.12583
060531003   36.69444  -121.62195
060539973   36.51222  -121.43472
060539974   36.42778  -121.32777
060539975   36.32667  -121.24555
060539977   36.54194  -121.92278
060539998   36.57250  -121.80473
060550003   38.31056  -122.29500
060570005   39.23417  -121.05556
060571001   39.33833  -120.17028
060590007   33.83056  -117.93833
060610002   38.93778  -121.10389
060610004   39.10028  -120.95277
060610006   38.74556  -121.26527
060611004   39.16583  -120.14861
060612001   38.89000  -121.30000
060631007   40.30167  -121.23500
060631010   39.80833  -120.47139
060639901   39.93667  -120.94778
060650012   33.92056  -116.85833
060650016   33.58306  -117.07195
060658001   33.99944  -117.41556
060658005   33.99611  -117.49250
060659001   33.67639  -117.33083
060670006   38.61361  -121.36777
060670010   38.56833  -121.49306
060670011   38.30250  -121.42083
060670012   38.68306  -121.16444
060675003   38.49444  -121.21111
060690002   36.84417  -121.36083
060710005   34.24306  -117.27222
060710027   34.03083  -117.61723
060711004   34.10361  -117.62889
060731006   32.84222  -116.76806
060731008   33.21694  -117.39611
060731010   32.70139  -117.14944
060731014   32.57917  -116.92944
060731022   32.78944  -116.94417
060750005   37.76556  -122.39778
060771002   37.95056  -121.26750
060772010   37.80250  -121.22056
060773005   37.68250  -121.44055
060792004   35.02056  -120.56389
060792006   35.25639  -120.66889
060792007   35.04667  -120.58750
060798002   35.49444  -120.66611
060799999   35.74333  -120.87722
060811001   37.48278  -122.20194
060831008   34.94806  -120.43417
060832004   34.63778  -120.45667
060832011   34.44528  -119.82777
060850002   36.99944  -121.57445
060850005   37.34806  -121.89445
060850006   37.33806  -121.84972
060870007   36.98556  -121.99306
060871005   37.06306  -122.08305
060879990   37.06694  -122.05695
060879991   37.04806  -122.07445
060879993   37.12583  -122.12195
060890007   40.45306  -122.29778
060950004   38.10250  -122.23778
060953002   38.35250  -121.96167
060959999   38.21806  -121.77000
060970004   38.40361  -122.81805
060990005   37.65806  -120.99333
060990006   37.48806  -120.83556
061010003   39.13889  -121.61750
061030007   40.17083  -122.25555
061070009   36.48917  -118.82667
061072002   36.33194  -119.29028
061072010   36.03167  -119.05500
061110007   34.21000  -118.86916
061110009   34.40417  -118.81000
061111004   34.44806  -119.23028
061112002   34.27750  -118.68445
061113001   34.26528  -119.13333
061130004   38.53444  -121.77333
061131003   38.66167  -121.72778
069999915   38.91639  -122.60833
069999916   37.74639  -120.14361
069999917   38.83028  -122.72195
069999995   38.91639  -122.60833
080010008   39.82833  -104.93833
080130003   40.16444  -105.10083
080131001   40.01278  -105.26667
080290004   38.73917  -108.07306
080310002   39.75083  -104.98695
080310013   39.73833  -104.93916
080310026   39.77917  -105.00500
080310027   39.73194  -105.01527
080310028   39.78556  -104.98833
080350004   39.53389  -105.07000
080410017   38.84778  -104.82833
080450007   39.53167  -107.78222
080677003   37.10250  -107.87000
080690009   40.57111  -105.07972
080770017   39.06333  -108.56084
081230006   40.41444  -104.70583
090010010   41.17139   -73.19527
090011123   41.40139   -73.44444
090030025   41.77139   -72.67973
090031003   41.78444   -72.62945
090050005   41.83306   -73.30305
090090027   41.30083   -72.90278
090092123   41.55028   -73.04417
090110124   41.35333   -72.07889
100010002   38.98444   -75.55556
100032004   39.73917   -75.55805
100051002   38.64417   -75.61305
110010042   38.87583   -77.03306
110010044   38.92167   -77.01305
120013011   29.54667   -82.29667
120050006   30.12889   -85.73805
120090007   28.05417   -80.62805
120110033   26.07306   -80.33833
120110034   26.05389   -80.25750
120110035   26.13111   -80.16778
120170006   28.95833   -82.64306
120210004   26.29917   -81.72000
120230002   30.17806   -82.61916
120310077   30.47556   -81.58667
120310098   30.13556   -81.63389
120310100   30.26028   -81.45306
120310108   30.26278   -81.60667
120330004   30.52500   -87.20417
120470015   30.42639   -82.79444
120570112   27.77944   -82.41972
120570113   27.57306   -82.28167
120571065   27.89278   -82.53806
120573002   27.96583   -82.23055
120590004   30.84750   -85.60416
120710005   26.60278   -81.87889
120730012   30.43944   -84.34805
120830003   29.17056   -82.10056
120850007   27.17222   -80.24055
120861016   25.79444   -80.21555
120866001   25.47167   -80.48278
120890010   30.62667   -81.53584
120952002   28.59944   -81.36278
120990008   26.72417   -80.66278
121030018   27.78556   -82.74000
121035002   28.09028   -82.70055
121056006   28.02917   -81.97166
121130015   30.39417   -87.00806
121150013   27.29056   -82.50694
121152002   27.08917   -82.36250
121275002   29.20667   -81.05305
121290001   30.08417   -84.16167
130210012   32.80306   -83.54444
130511002   32.09028   -81.13055
130590002   33.92472   -83.35750
130770002   33.40389   -84.74583
130890002   33.69056   -84.27306
131210055   33.72056   -84.35778
131350002   33.96333   -84.06639
131510002   33.43444   -84.16167
131530001   32.60556   -83.59778
131850003   30.84833   -83.29305
132150008   32.52139   -84.94334
132230003   33.92806   -85.04528
132450091   33.43306   -82.02167
132950002   34.97889   -85.30083
160010010   43.60056  -116.34778
160050015   42.87667  -112.46028
160050020   42.58972  -112.45889
160090010   47.31667  -116.57027
160090011   47.33833  -116.88583
160130004   43.68250  -114.37083
160150001   43.82278  -115.83833
160150002   44.10444  -115.97222
160170003   48.29167  -116.55639
160190011   43.46806  -112.05305
160210002   48.70528  -116.36889
160211007   48.99806  -116.35917
160211008   48.89389  -116.35917
160270002   43.58028  -116.56250
160291009   42.65167  -111.61444
160410001   42.01306  -111.80889
160490002   45.93111  -116.11500
160490003   46.20917  -116.02722
160491012   46.06111  -116.34666
160530003   42.68000  -114.25250
160550003   47.78889  -116.80417
160570005   46.72806  -116.95444
160571000   46.92083  -116.89611
160571012   46.57861  -116.70889
160590004   45.17861  -113.89278
160650002   43.80944  -111.80028
160671010   42.60750  -113.78528
160671011   42.60778  -113.78667
160690012   46.40833  -116.99139
160690013   46.39694  -116.80611
160690014   46.33472  -116.53555
160790017   47.53667  -116.23666
160830007   42.56500  -114.49445
160850002   44.89000  -116.10639
160871004   44.26167  -116.97916
170191001   40.05222   -88.37250
170310001   41.67056   -87.73250
170310057   41.91333   -87.72389
170310076   41.75444   -87.71333
170314007   42.06028   -87.86305
170314201   42.14056   -87.79916
170316005   41.86417   -87.74861
171110001   42.22083   -88.24084
171132003   40.51667   -88.99750
171150013   39.86667   -88.92555
171191007   38.70444   -90.13944
171430037   40.69778   -89.58889
171630010   38.61167   -90.16055
171971011   41.22194   -88.19055
180030004   41.09472   -85.10167
180050008   39.23722   -85.89111
180390008   41.65667   -85.96806
180431004   38.30806   -85.83417
180570007   39.96083   -85.93945
180670004   40.48111   -86.10944
180890022   41.60667   -87.30444
180950011   40.12556   -85.65195
180970078   39.81056   -86.11444
180970081   39.78889   -86.21445
180970087   39.78778   -86.13084
181050003   39.15917   -86.50472
181270024   41.61750   -87.19917
181410015   41.69667   -86.21445
181570008   40.43139   -86.85250
181630021   38.01306   -87.57694
181670018   39.48583   -87.40139
181830003   41.16944   -85.62917
191130040   41.97667   -91.68777
191138040   41.97667   -91.68750
191370002   40.97000   -95.04472
191530030   41.60306   -93.64306
191770006   40.69306   -92.00584
200910010   38.83833   -94.74639
201730010   37.70083   -97.31389
201770013   39.02417   -95.71139
201950001   38.77028   -99.76334
202090021   39.11750   -94.63556
210190017   38.45917   -82.63389
210373002   39.02167   -84.47417
210590005   37.78056   -87.07555
210610501   37.13139   -86.14806
210670012   38.06500   -84.50000
210930006   37.70639   -85.85167
211010014   37.87139   -87.46306
211110027   38.13694   -85.57806
211110043   38.23167   -85.81555
211110051   38.06056   -85.89584
211110067   38.22833   -85.65417
211930003   37.28306   -83.22028
211950002   37.48278   -82.53528
212270009   37.04917   -86.21472
220150008   32.53639   -93.74917
220190008   30.26250   -93.28500
220330009   30.46194   -91.17667
220511001   30.04083   -90.27278
220550007   30.22556   -92.04278
220570004   29.76389   -90.76527
220630002   30.31500   -90.81139
220710012   29.99306   -90.10139
220870007   29.94306   -89.97583
221030002   30.42917   -90.19945
230010011   44.08917   -70.21389
230030014   47.35528   -68.32083
230031011   46.68222   -68.01611
230031100   46.69639   -68.03306
230031101   46.22861   -67.88250
230050029   43.66000   -70.26889
230072002   45.08028   -70.21167
230090103   44.37694   -68.26083
230172011   44.55139   -70.54611
230190002   44.79861   -68.76945
230290032   44.96333   -67.06055
240051007   39.46194   -76.63139
240150003   39.70083   -75.86000
240190004   38.58750   -76.14056
240230002   39.70556   -79.01167
240251001   39.41000   -76.29667
240270006   39.14306   -76.84611
240290002   39.30500   -75.79694
240313001   39.11417   -77.10667
240330030   39.05528   -76.87805
240430009   39.56556   -77.72166
245100040   39.29806   -76.60445
250030006   42.44778   -73.25445
250051004   41.68306   -71.16944
250092006   42.47444   -70.97166
250095005   42.77056   -71.10278
250112005   42.60556   -72.59666
250130016   42.10833   -72.59084
250154002   42.29806   -72.33417
250230005   42.06500   -71.01250
250250042   42.32917   -71.08222
250250043   42.36306   -71.05417
250250044   42.32500   -71.05583
250270023   42.26389   -71.79444
260170014   43.57139   -83.89056
260330901   46.49333   -84.36417
260490021   43.02889   -83.66917
260650012   42.73722   -84.53584
260770008   42.27806   -85.54166
260810020   42.98444   -85.67083
260910007   41.99556   -83.94666
261130001   44.31056   -84.89167
261470005   42.95306   -82.45639
261530001   46.28889   -85.95028
261610008   42.24000   -83.59944
261630001   42.22806   -83.20917
261630033   42.30750   -83.15000
261630039   42.32306   -83.06889
261630093   42.38583   -83.26611
261630095   42.42139   -83.42500
261630097   42.26167   -83.15778
270031002   45.14250   -93.21389
270052013   46.85083   -95.84666
270072304   47.87806   -95.02917
270177417   46.71361   -92.51167
270317810   47.97194   -89.69055
270353204   46.39417   -94.14306
270370470   44.73806   -93.23695
270370480   44.70611   -93.28555
270530962   44.96528   -93.25500
270530963   44.95333   -93.25806
270531909   45.01333   -93.27194
270750005   47.94639   -91.49528
270834210   44.45694   -95.83500
271095008   43.99444   -92.44945
271230871   44.95917   -93.03555
271231908   44.97306   -93.19972
271377001   47.52111   -92.53917
271377554   46.74389   -92.16695
271453052   45.55000   -94.13306
271713201   45.21056   -93.66833
280330002   34.82750   -89.98889
280350004   31.32278   -89.28722
280470008   30.39000   -89.04945
280490020   32.32889   -90.18250
280490021   32.34667   -90.22583
290210005   39.74167   -94.85806
290370003   38.75944   -94.57972
290390001   37.70083   -94.03472
290470005   39.30306   -94.37639
290770036   37.25583   -93.29945
290950034   39.10444   -94.57027
290950042   39.04778   -94.45028
290990019   38.44833   -90.39833
291893001   38.65000   -90.35028
295100007   38.54250   -90.26334
295100085   38.65639   -90.19833
295100093   38.65639   -90.18972
295100094   38.63083   -90.28111
300130001   47.49417  -111.30305
300270006   47.04833  -109.45528
300290049   48.36361  -114.18916
300310017   44.65694  -111.08945
300310019   45.68361  -111.05611
300490004   46.85028  -111.98695
300490026   46.65861  -112.01305
300530018   48.38389  -115.54778
300630024   46.84222  -114.02028
300630037   47.01278  -114.22417
300630038   47.17556  -113.47611
300710010   48.31750  -107.86222
300750001   45.44028  -105.37028
300810007   46.24361  -114.15889
300830001   47.80333  -104.48556
300830002   47.86778  -104.67667
300870001   45.36611  -106.48972
300930005   46.00222  -112.50083
301110085   45.78194  -108.51139
310550019   41.24722   -95.97305
311090022   40.81250   -96.67555
311530007   41.13306   -95.95583
320030298   36.04861  -115.05278
320030540   36.14167  -115.07861
320030561   36.16389  -115.11389
320031019   35.78556  -115.35694
320031501   36.13972  -115.17555
320032002   36.19111  -115.12278
320038000   36.35778  -115.36139
320050007   38.89750  -119.73194
320310016   39.52500  -119.80750
320311005   39.54083  -119.74667
320311007   39.62139  -119.71861
325100020   39.14472  -119.76639
330050007   42.93028   -72.27222
330090010   43.62944   -72.30945
330115001   42.86167   -71.87861
330150014   43.07528   -70.74778
330150018   42.86250   -71.38000
340010006   39.46472   -74.44861
340030010   40.85333   -73.96584
340070002   39.93444   -75.12527
340110007   39.42222   -75.02500
340130003   40.72083   -74.19278
340171003   40.72528   -74.05222
340190001   40.51500   -74.80666
340210005   40.28306   -74.74250
340230011   40.46194   -74.42917
340390004   40.64139   -74.20834
340392003   40.60389   -74.27611
340410007   40.92444   -75.06778
350010023   35.13528  -106.58444
350010029   35.01833  -106.65166
350011012   35.18500  -106.50750
350130016   32.00333  -106.59917
350130021   31.79583  -106.58389
350490021   35.61972  -106.07944
350550005   36.38306  -105.58305
360010005   42.64250   -73.75445
360050110   40.81583   -73.90195
360050112   40.81444   -73.88667
360290005   42.87806   -78.80917
360291014   42.99806   -78.89917
360310003   44.36444   -73.90166
360337003   44.98056   -74.69527
360470052   40.64167   -74.01861
360470118   40.69417   -73.92834
360551007   43.14583   -77.54806
360590005   40.74444   -73.58667
360610115   40.84917   -73.93166
360610128   40.73000   -73.98444
360610134   40.71417   -73.99500
360610135   40.81944   -73.94806
360652001   43.09917   -75.22500
360710002   41.49917   -74.00945
360810120   40.72667   -73.89306
360810124   40.73750   -73.82417
360850111   40.58000   -74.19917
360870005   41.18194   -74.02805
361010003   42.09694   -77.21028
361030009   40.82778   -73.05750
361192004   41.05194   -73.76417
370210034   35.60750   -82.58305
370350004   35.72972   -81.37000
370510009   35.04139   -78.95306
370570002   35.81417   -80.26305
370630015   35.99167   -78.89639
370630099   35.88917   -78.87444
370650099   35.98889   -77.58667
370670022   36.11056   -80.22667
370670030   36.02583   -80.34167
370810013   36.10917   -79.80083
371010002   35.50000   -78.43750
371050002   35.43222   -79.28861
371190041   35.24083   -80.78306
371190042   35.15139   -80.86667
371190045   35.21306   -80.87389
371210004   35.91222   -82.06194
371230001   35.26306   -79.86333
371290002   34.35583   -77.86166
371470006   35.63833   -77.35778
371730002   35.43556   -83.44334
371830014   35.85583   -78.57417
371830021   35.86500   -78.81944
380130004   48.64167  -102.40195
380171004   46.93333   -96.85445
380250003   47.32028  -102.52639
380530002   47.60083  -103.26417
380570004   47.29833  -101.76667
380650002   47.18556  -101.42805
381050003   48.15278  -103.63944
390010001   38.79444   -83.53389
390030009   40.77083   -84.05389
390170019   39.47861   -84.40750
390170020   39.47222   -84.39472
390230005   39.92861   -83.80945
390250022   39.08278   -84.14389
390350060   41.49194   -81.67834
390490029   40.08444   -82.81528
390490034   40.00250   -82.99416
390570005   39.80833   -83.88695
390610006   39.27861   -84.36611
390610010   39.21472   -84.69083
390610040   39.12861   -84.50389
390610048   39.14583   -84.53833
390810017   40.36639   -80.61555
390850007   41.72667   -81.24194
390870012   38.50806   -82.65916
390933002   41.46306   -82.11417
390950024   41.64389   -83.54611
390990014   41.09583   -80.65833
391030004   41.06028   -81.92389
391130038   39.75806   -84.19722
391351001   39.83556   -84.72028
391510020   40.80056   -81.37278
391530017   41.06333   -81.46889
391550014   41.23167   -80.80111
391650007   39.42667   -84.20055
400019009   35.75056   -94.66944
400190297   34.25667   -97.47417
400270049   35.32000   -97.48805
400310651   34.63278   -98.42861
400430860   36.15889   -98.93528
400710604   36.69694   -97.08111
400819025   35.48833   -97.09028
401091037   35.61278   -97.47195
401159027   36.80444   -94.72500
401210415   34.90583   -95.79389
401359021   35.40806   -94.52417
401430174   35.95250   -96.00305
401431127   36.20667   -95.97639
401470217   36.90806   -95.88223
410010004   44.78806  -117.84444
410030013   44.58833  -123.26722
410050004   45.25917  -122.58806
410050102   45.28833  -121.78250
410090004   45.76833  -122.77194
410130100   44.29972  -120.84472
410170004   44.29194  -121.55527
410170120   44.06389  -121.31250
410190002   43.22639  -123.36472
410230002   44.41778  -118.95111
410250003   43.58917  -119.04806
410271001   45.70333  -121.52944
410290019   42.62306  -122.81000
410290133   42.31389  -122.87917
410290203   42.19389  -122.70834
410310007   44.63056  -121.13139
410330011   42.29000  -123.23194
410330036   42.16167  -123.64833
410330114   42.43389  -123.34834
410350004   42.19028  -121.73111
410370001   42.18917  -120.35389
410390059   44.06722  -123.14111
410390060   44.02611  -123.08361
410391009   44.04667  -123.01750
410392013   43.74417  -122.48028
410399004   43.79944  -123.05334
410430009   44.61556  -123.09139
410430104   44.75194  -122.47945
410432002   44.39556  -122.73028
410432003   44.77861  -122.61694
410470007   45.01472  -122.79028
410470041   44.94306  -123.00584
410470123   44.72806  -122.18250
410510080   45.49639  -122.60278
410512008   45.51194  -122.48194
410590121   45.65222  -118.82278
410610119   45.33889  -118.09500
410610120   45.30083  -117.81277
410610123   45.32333  -118.07777
410630001   45.42611  -117.29583
410650007   45.60222  -121.20333
410670004   45.52833  -122.97222
410670111   45.47000  -122.81583
420010001   39.92306   -77.30805
420030008   40.46556   -79.96083
420030064   40.32389   -79.86806
420031376   40.43722   -79.86333
420050001   40.81417   -79.56500
420070014   40.74778   -80.31667
420130801   40.51500   -78.38889
420150011   41.70500   -76.51250
420210011   40.30944   -78.91556
420270100   40.81139   -77.87666
420290100   39.83417   -75.76778
420410101   40.24639   -77.18667
420430401   40.24694   -76.84695
420450002   39.83556   -75.37250
420450109   39.81861   -75.41389
420490003   42.14278   -80.03694
420590002   39.82000   -80.28944
420692006   41.44278   -75.62305
420710007   40.04667   -76.28306
420710012   40.04389   -76.11250
420750100   40.33722   -76.38333
420770004   40.61167   -75.43250
420850100   41.21500   -80.48500
420890002   41.08306   -75.32806
420910013   40.11194   -75.30917
420950025   40.62806   -75.34084
421010048   39.99139   -75.08056
421174000   41.64444   -76.93916
421250005   40.14667   -79.90305
421250200   40.17000   -80.26167
421255001   40.44444   -80.42000
421290008   40.30528   -79.50584
421330008   39.96528   -76.69917
440030002   41.61500   -71.71944
440070022   41.80806   -71.41500
440070030   41.82944   -71.41722
440071010   41.84028   -71.36166
440090007   41.49417   -71.42167
450190046   32.94083   -79.65694
450190049   32.79083   -79.95889
450250001   34.61528   -80.19889
450290002   33.00778   -80.96472
450370001   33.73944   -81.85333
450410003   34.21417   -79.76722
450450015   34.84389   -82.41444
450630008   34.05083   -81.15472
450730001   34.80500   -83.23750
450790007   34.09389   -80.96194
450830011   34.95556   -81.92472
460110003   44.34833   -96.80722
460290002   44.89944   -97.12861
460330132   43.55750  -103.48361
460650003   44.37361  -100.28722
460710001   43.74667  -101.94083
460990008   43.54778   -96.70055
461030020   44.08722  -103.27361
461270001   42.75139   -96.70695
470090011   35.76806   -83.94195
470090101   35.63194   -83.94195
470370023   36.17667   -86.73833
470450004   36.05278   -89.38167
470654002   35.05056   -85.29305
470931013   35.98028   -83.93056
470990002   35.11556   -87.47000
471071002   35.45083   -84.59917
471130006   35.65667   -88.80917
471192007   35.65167   -87.00945
471250009   36.51278   -87.33083
471251009   36.51417   -87.32777
471410005   36.18556   -85.49194
471450004   35.93833   -84.54389
471570075   35.15139   -89.85000
471631007   36.54056   -82.52167
471650007   36.29750   -86.65250
480290032   29.51472   -98.62000
480290053   29.58750   -98.31194
480290059   29.27528   -98.31167
480290622   29.35278   -98.33278
480290676   29.33278   -98.55139
480290677   29.42389   -98.58028
480371031   33.43528   -94.07555
480430101   29.30250  -103.17805
480610006   25.89250   -97.49333
480612004   26.07306   -97.16666
481210034   33.19417   -97.19305
481350003   31.83667  -102.34167
481351014   31.87000  -102.33472
481390016   32.48194   -97.02666
481391044   32.17694   -96.87083
481410037   31.76806  -106.50083
481410044   31.76556  -106.45500
481410055   31.74667  -106.40278
481410057   31.66750  -106.28750
481490001   29.96222   -96.74583
481671034   29.26306   -94.85639
482010024   29.90083   -95.32584
482010058   29.77056   -95.03083
482011034   29.76806   -95.22056
482011035   29.73389   -95.25750
482011039   29.67000   -95.12833
482011042   30.05806   -95.18945
482011050   29.58306   -95.01556
482030002   32.67056   -94.16805
482150043   26.22611   -98.29083
482450021   29.92167   -93.91389
482570005   32.56472   -96.31750
482730314   27.42667   -97.29833
483031028   33.58528  -101.78694
483091037   31.65306   -97.07056
483230004   28.70444  -100.45111
483390078   30.35028   -95.42500
483491051   32.03167   -96.39917
483550034   27.81167   -97.46555
483611100   30.18000   -93.87305
483750320   35.20056  -101.90806
484391006   32.75917   -97.34139
484393011   32.65556   -97.08833
484530014   30.35417   -97.76000
484530020   30.48306   -97.87222
484530021   30.26306   -97.71306
484790313   27.59917   -99.53306
490030003   41.49278  -112.01861
490050007   41.84278  -111.85167
490110004   40.89778  -111.88528
490130002   40.29417  -110.00889
490353006   40.73333  -111.87167
490353010   40.79528  -111.93083
490450004   40.60056  -112.35500
490471004   40.46444  -109.56055
490490002   40.25333  -111.66306
490494001   40.34139  -111.71333
490530007   37.17889  -113.30500
490570002   41.20639  -111.97500
500030004   42.88750   -73.24944
500070007   44.52833   -72.86889
500070014   44.47583   -73.21028
500210002   43.60833   -72.98222
510590030   38.77167   -77.10889
510690010   39.28278   -78.08139
510870014   37.55639   -77.40000
511130003   38.52306   -78.43445
511611004   37.28556   -79.88416
516500008   37.10361   -76.38695
530010003   47.12778  -118.38167
530030004   46.42556  -117.05972
530050002   46.21806  -119.20139
530070007   47.83833  -120.02306
530070010   47.59861  -120.66444
530070011   47.43056  -120.34194
530090013   48.28667  -124.62028
530090015   48.36583  -124.61000
530090017   48.11500  -123.43639
530110022   45.86389  -122.41084
530110024   45.64333  -122.58722
530130002   46.31778  -117.98500
530150015   46.13917  -122.96167
530210002   46.57528  -119.00195
530251002   47.13028  -119.27250
530270011   47.33972  -124.29166
530272002   46.97694  -123.83167
530299999   48.29417  -122.66000
530310003   48.12889  -122.77889
530330017   47.49000  -121.77250
530330030   47.59694  -122.31944
530330031   47.60083  -122.14833
530330037   47.61278  -122.20167
530330057   47.56194  -122.34028
530330080   47.56806  -122.30861
530331011   47.53083  -122.32056
530332004   47.38583  -122.23000
530350007   47.59250  -122.62722
530370002   46.99333  -120.54500
530410004   46.66389  -122.96722
530450007   47.21333  -123.10056
530470004   48.37472  -119.56861
530470009   48.36444  -120.12083
530470010   48.47694  -120.19055
530470013   48.39972  -119.51889
530530024   47.22611  -122.46250
530530029   47.18639  -122.45167
530530031   47.26556  -122.38556
530531018   47.14028  -122.29916
530570011   48.52056  -122.61417
530570015   48.41000  -122.33750
530579999   48.46528  -122.55972
530610005   47.80639  -122.31667
530610020   48.24667  -121.60306
530611007   48.05500  -122.17555
530630021   47.67250  -117.36472
530630047   47.69944  -117.42611
530639995   47.80806  -117.34306
530639997   47.66389  -117.25750
530639999   47.64528  -117.58889
530650002   47.88500  -117.98833
530650005   48.54444  -117.90305
530670013   47.02917  -122.82139
530710005   46.05861  -118.35139
530730015   48.76250  -122.44000
530750003   46.72444  -117.18000
530750005   46.81528  -117.87389
530750006   47.23111  -117.36833
530770005   46.32028  -119.99805
530770009   46.59472  -120.51222
530770015   46.38000  -120.33250
530770016   46.37528  -120.72916
540390020   38.34611   -81.62111
540511002   39.91556   -80.73417
550090005   44.51667   -87.99389
550250041   43.10056   -89.35694
550270001   43.46583   -88.62083
550350014   44.76139   -91.41278
550410007   45.56389   -88.81000
550430009   42.69194   -90.69611
550590019   42.50444   -87.81084
550630012   43.77806   -91.22500
550790010   43.01778   -87.93305
550790026   43.06083   -87.91250
550790056   42.93250   -87.93417
550790058   42.93056   -87.93195
550870009   44.30667   -88.39555
550890009   43.49806   -87.81000
551110007   43.43556   -89.68027
551198001   45.20389   -90.60000
551330027   43.02028   -88.21500
560010010   41.30278  -105.58583
560130099   42.52750  -108.72028
560150004   42.20917  -104.54833
560150005   42.06000  -104.17000
560210002   41.13000  -104.75000
560210100   41.18194  -104.77834
560250005   42.84611  -106.27750
560350101   42.86972  -109.87055
560450004   43.85000  -104.20000
800020012   32.62917  -115.44666
800020014   32.63333  -115.50417
